name: var-optimizer
channels:
  - conda-forge
  - defaults
dependencies:
  - autopep8=1.7.0=pyhd8ed1ab_0
  - bzip2=1.0.8=h8ffe710_4
  - ca-certificates=2022.9.24=h5b45459_0
  - freetype=2.12.1=h546665d_0
  - jpeg=9e=h8ffe710_2
  - lcms2=2.12=h2a16943_0
  - lerc=4.0.0=h63175ca_0
  - libdeflate=1.14=hcfcfb64_0
  - libffi=3.4.2=h8ffe710_5
  - libpng=1.6.38=h19919ed_0
  - libsqlite=3.39.4=hcfcfb64_0
  - libtiff=4.4.0=h8e97e67_4
  - libwebp-base=1.2.4=h8ffe710_0
  - libxcb=1.13=hcd874cb_1004
  - libzlib=1.2.12=hcfcfb64_4
  - m2w64-gcc-libgfortran=5.3.0=6
  - m2w64-gcc-libs=5.3.0=7
  - m2w64-gcc-libs-core=5.3.0=7
  - m2w64-gmp=6.1.0=2
  - m2w64-libwinpthread-git=5.0.0.4634.697f757=2
  - msys2-conda-epoch=20160418=1
  - multipledispatch=0.6.0=py_0
  - openjpeg=2.5.0=hc9384bd_1
  - openssl=3.0.5=hcfcfb64_2
  - packaging=21.3=pyhd8ed1ab_0
  - pillow=9.2.0=py39hcef8f5f_2
  - pip=22.2.2=pyhd8ed1ab_0
  - ply=3.11=py_1
  - pthread-stubs=0.4=hcd874cb_1001
  - pycodestyle=2.9.1=pyhd8ed1ab_0
  - pyparsing=3.0.9=pyhd8ed1ab_0
  - pyqt5-sip=12.11.0=py39h415ef7b_0
  - python=3.9.13=hcf16a7b_0_cpython
  - python_abi=3.9=2_cp39
  - setuptools=65.4.1=pyhd8ed1ab_0
  - sip=6.7.0=py39h99910a6_0
  - six=1.16.0=pyh6c4a22f_0
  - sqlite=3.39.4=hcfcfb64_0
  - tk=8.6.12=h8ffe710_0
  - toml=0.10.2=pyhd8ed1ab_0
  - tzdata=2022d=h191b570_0
  - ucrt=10.0.20348.0=h57928b3_0
  - vc=14.2=hb210afc_7
  - vs2015_runtime=14.29.30139=h890b9b1_7
  - wheel=0.37.1=pyhd8ed1ab_0
  - xorg-libxau=1.0.9=hcd874cb_0
  - xorg-libxdmcp=1.1.3=hcd874cb_0
  - xz=5.2.6=h8d14728_0
  - zstd=1.5.2=h7755175_4
  - pip:
    - click==7.1.2
    - pyqt5==5.15.4
    - pyqt5-plugins==5.15.4.2.2
    - pyqt5-qt5==5.15.2
    - pyqt5-tools==5.15.4.3.2
    - python-dotenv==0.21.0
    - qt5-applications==5.15.2.2.2
    - qt5-tools==5.15.2.1.2
prefix: .\.env
